'data_time': 0.429002046585083,
 'loss_value': 0.6242337422520895,
 'nodes_processed': 432081,
 'objective_value': 0.6242387422520895,
 'optimality_gap': 0.07066716970224067,
 'run_time': 300.0914874076843,
 'solution': array([-1.,  0.,  0.,  0.,  0.,  0.,  0.,  0.,  0.,  0.,  0.,  0.,      0.,
        0.,  0.,  0.,  0.,  0.,  0.,  0.,  6.,  0.,  0.,  0.,  0.,  0.,
        0.,  0.,  0.,  0.,  0.,  0.,  0.,  0., -0., -0., -0.,  4., -5.,
        0.,  1.,  0.,  0.,  0.,  0., -0.,  0.,  0.,  1.,  0., -0., -0.,
        0.,  0.]),
 'solver_time': 299.4157371520996,
 'w_pos': 1.0}
